      0/49     5.22G   0.05977   0.06412   0.05233    0.1762        21       320    0.3392    0.6676    0.5397    0.2798    0.0391   0.03626   0.02288
      1/49     5.29G   0.04986   0.06829   0.03307    0.1512        36       480    0.3304    0.5845    0.4446    0.1975   0.04522   0.04229   0.02616
      2/49     5.29G    0.0516   0.07255   0.03567    0.1598        23       832    0.3212    0.5423    0.4072    0.1869   0.04399   0.04295   0.02669
      3/49     5.29G   0.05079   0.07237   0.03599    0.1591        19       832    0.3783    0.4905    0.4132    0.1877   0.04323   0.04423   0.02685
      4/49     5.29G   0.04918   0.07201   0.03384     0.155        31       736    0.3264    0.6008    0.4637     0.223   0.04097   0.04312   0.02442
      5/49     5.29G   0.04762   0.07237   0.03246    0.1525        37       384    0.3894    0.5913    0.4906    0.2432   0.03947   0.04285   0.02274
      6/49     5.29G   0.04634   0.07124   0.02975    0.1473        27       864    0.3575    0.6349    0.5112    0.2569   0.03866   0.04263   0.02143
      7/49     5.29G   0.04552   0.07008    0.0287    0.1443        30       928    0.3945    0.6413    0.5404    0.2809   0.03812   0.04179   0.02033
      8/49     5.29G   0.04433   0.06835   0.02795    0.1406        43       480    0.4251    0.6369    0.5488    0.2898   0.03733   0.04107   0.01921
      9/49     5.29G   0.04419   0.06963   0.02747    0.1413        27       928    0.4141    0.6381    0.5513    0.2929   0.03693   0.04149   0.01984
     10/49     5.29G   0.04382   0.06769   0.02556    0.1371        19       512    0.4385    0.6311     0.567    0.3071   0.03619   0.04078   0.01919
     11/49     5.29G   0.04357   0.06745   0.02556    0.1366        20       352    0.4108    0.6586    0.5696    0.3098   0.03655   0.04103   0.01909
     12/49     5.29G   0.04273   0.06677   0.02491    0.1344        30       608    0.4362    0.6606    0.5853    0.3211   0.03624   0.04041   0.01821
     13/49     5.29G   0.04251   0.06864   0.02351    0.1347        22       576    0.4146    0.6906    0.6049    0.3331   0.03542   0.04015   0.01742
     14/49     5.29G   0.04168   0.06595   0.02414    0.1318        30       544    0.4159      0.68    0.5888    0.3286   0.03502   0.04021   0.01709
     15/49     5.29G   0.04125   0.06586   0.02315    0.1303        21       544    0.4053    0.7045    0.6138    0.3466    0.0347    0.0398   0.01689
     16/49     5.29G   0.04117   0.06656   0.02271    0.1304        27       768    0.4498    0.6951    0.6226    0.3574   0.03418    0.0396   0.01651
     17/49     5.29G   0.04117   0.06741   0.02216    0.1307        26       928    0.4275    0.6944    0.6078    0.3401   0.03486   0.03947   0.01713
     18/49     5.29G   0.04076   0.06626   0.02216    0.1292        36       352    0.4417    0.7036     0.631     0.364   0.03385   0.03925   0.01612
     19/49     5.29G   0.04021   0.06393   0.02088     0.125        32       512    0.4685    0.6962    0.6325    0.3678   0.03363   0.03903   0.01612
     20/49     5.29G   0.03959   0.06485   0.02068    0.1251        29       960    0.4576    0.7164    0.6405    0.3755   0.03325   0.03897   0.01484
     21/49     5.29G   0.03965   0.06611   0.02061    0.1264        19       960    0.4507    0.7224    0.6419    0.3797   0.03307   0.03881   0.01522
     22/49     5.29G   0.03882   0.06483   0.01926    0.1229        38       736     0.476    0.7218     0.656    0.3888   0.03257   0.03855   0.01466
     23/49     5.29G   0.03879   0.06404    0.0193    0.1221        35       832    0.4735    0.7238    0.6515    0.3815   0.03253    0.0386   0.01457
     24/49     5.29G   0.03858   0.06281   0.01919    0.1206        41       512    0.4636    0.7362    0.6694    0.3983   0.03211    0.0381    0.0142
     25/49     5.29G   0.03816   0.06316   0.01899    0.1203        18       352    0.4484    0.7408    0.6627    0.3993   0.03166   0.03821   0.01427
     26/49     5.29G   0.03795   0.06347    0.0184    0.1198        20       800    0.4834    0.7242    0.6653    0.3997   0.03185   0.03792   0.01371
     27/49     5.29G   0.03755   0.06361   0.01776    0.1189        38       832    0.4784     0.746    0.6804    0.4132   0.03155   0.03756   0.01341
     28/49     5.29G   0.03739   0.06368   0.01778    0.1188        27       512    0.4803    0.7487    0.6856    0.4141   0.03125   0.03767   0.01318
     29/49     5.29G   0.03687   0.06168   0.01691    0.1155        29       800    0.4703    0.7556    0.6864    0.4197   0.03113    0.0375   0.01307
     30/49     5.29G   0.03632   0.06105   0.01686    0.1142        20       608    0.4875     0.753    0.6948    0.4302    0.0308   0.03742     0.013
     31/49     5.29G   0.03595   0.05878   0.01581    0.1105        31       416    0.4968    0.7557    0.6949    0.4305   0.03066   0.03693   0.01299
     32/49     5.29G   0.03579    0.0601   0.01594    0.1118        42       320     0.505    0.7528       0.7    0.4352   0.03052   0.03704   0.01294
     33/49     5.29G   0.03562   0.06065   0.01549    0.1118        16       800     0.493    0.7581    0.7012    0.4376   0.03033   0.03688    0.0121
     34/49     5.29G   0.03525   0.06062   0.01502    0.1109        25       544    0.4808    0.7667    0.7018    0.4383   0.03025   0.03682   0.01228
     35/49     5.29G   0.03487   0.05995   0.01534    0.1102        15       960    0.4847    0.7627    0.7047     0.443   0.03003   0.03698   0.01199
     36/49     5.29G   0.03463   0.05871   0.01438    0.1077        25       544    0.4993    0.7656     0.711    0.4475   0.02982   0.03658   0.01231
     37/49     5.29G   0.03419   0.05784    0.0139    0.1059        25       320    0.5107     0.766    0.7143    0.4519   0.02971   0.03651   0.01206
     38/49     5.29G   0.03374   0.05719    0.0138    0.1047        19       960     0.491    0.7717    0.7145    0.4544   0.02951   0.03649   0.01185
     39/49     5.29G   0.03425   0.05919   0.01364    0.1071        25       960    0.5176    0.7743    0.7234    0.4603   0.02938   0.03616   0.01163
     40/49     5.29G   0.03329   0.05861    0.0134    0.1053        18       736    0.5143    0.7744    0.7233     0.458   0.02938   0.03612   0.01144
     41/49     5.29G   0.03331   0.05679   0.01252    0.1026        35       608    0.5055    0.7756    0.7223    0.4603   0.02939   0.03602   0.01142
     42/49     5.29G   0.03322   0.05764    0.0133    0.1042        23       640    0.5135    0.7757    0.7206     0.461   0.02922   0.03601   0.01151
     43/49     5.29G   0.03304   0.05827   0.01251    0.1038        39       864    0.5101    0.7776    0.7225    0.4635   0.02913   0.03595   0.01124
     44/49     5.29G   0.03292   0.05784   0.01242    0.1032        29       768    0.5088    0.7792     0.724    0.4647   0.02908   0.03586   0.01128
     45/49     5.29G   0.03293   0.05859    0.0123    0.1038        17       896    0.5148     0.779    0.7268    0.4677   0.02892   0.03567   0.01119
     46/49     5.29G   0.03223   0.05669   0.01197    0.1009        25       896    0.5175    0.7793    0.7274    0.4691   0.02895   0.03589   0.01112
     47/49     5.29G   0.03266     0.057   0.01161    0.1013        24       800    0.5168    0.7828    0.7283    0.4695   0.02883   0.03578   0.01101
     48/49     5.29G   0.03188   0.05567   0.01147   0.09901        34       608     0.519    0.7826    0.7286     0.471   0.02874   0.03581   0.01077
     49/49     5.29G   0.03212   0.05609   0.01152   0.09974        46       736    0.5159    0.7816    0.7307    0.4727   0.02874   0.03572   0.01074
